0.124404
0.119951
0.116337
0.113410
0.111037
0.109110
0.107541
0.106256
0.105201
0.104330
0.103607
0.103004
0.102498
0.102072
0.101711
0.101404
0.101141
0.100914
0.100718
0.100548
0.100398
0.100267
0.100150
0.100047
0.099954
0.099870
0.099794
0.099725
0.099661
0.099602
0.099547
0.099496
0.099448
0.099403
0.099359
0.099318
0.099279
0.099241
0.099204
0.099168
0.099133
0.099099
0.099066
0.099033
0.099001
0.098969
0.098937
0.098906
0.098875
0.098845
0.098814
0.098784
0.098753
0.098723
0.098693
0.098663
0.098633
0.098603
0.098572
0.098542
0.098512
0.098482
0.098451
0.098421
0.098390
0.098359
0.098328
0.098297
0.098266
0.098235
0.098203
0.098172
0.098140
0.098108
0.098076
0.098044
0.098011
0.097978
0.097945
0.097912
0.097879
0.097846
0.097812
0.097778
0.097744
0.097709
0.097674
0.097640
0.097604
0.097569
0.097533
0.097497
0.097461
0.097425
0.097388
0.097351
0.097314
0.097276
0.097239
0.097200
0.097162
0.097123
0.097084
0.097045
0.097005
0.096965
0.096925
0.096885
0.096844
0.096803
0.096761
0.096719
0.096677
0.096634
0.096592
0.096548
0.096505
0.096461
0.096417
0.096372
0.096327
0.096282
0.096236
0.096190
0.096143
0.096096
0.096049
0.096001
0.095953
0.095905
0.095856
0.095807
0.095757
0.095707
0.095657
0.095606
0.095555
0.095503
0.095451
0.095398
0.095345
0.095292
0.095238
0.095183
0.095129
0.095073
0.095018
0.094962
0.094905
0.094848
0.094790
0.094732
0.094674
0.094615
0.094556
0.094496
0.094435
0.094374
0.094313
0.094251
0.094189
0.094126
0.094062
0.093998
0.093934
0.093869
0.093803
0.093737
0.093671
0.093604
0.093536
0.093468
0.093399
0.093330
0.093260
0.093190
0.093119
0.093047
0.092975
0.092903
0.092829
0.092756
0.092681
0.092606
0.092531
0.092455
0.092378
0.092300
0.092223
0.092144
0.092065
0.091985
0.091905
0.091824
0.091742
0.091660
0.091577
0.091494
0.091410
0.091325
0.091239
0.091153
0.091067
0.090979
0.090891
0.090803
0.090713
0.090623
0.090533
0.090442
0.090350
0.090257
0.090164
0.090070
0.089975
0.089880
0.089783
0.089687
0.089589
0.089491
0.089392
0.089293
0.089193
0.089092
0.088990
0.088888
0.088785
0.088681
0.088576
0.088471
0.088365
0.088259
0.088151
0.088043
0.087934
0.087825
0.087715
0.087604
0.087492
0.087379
0.087266
0.087152
0.087038
0.086922
0.086806
0.086690
0.086572
0.086454
0.086335
0.086215
0.086095
0.085973
0.085851
0.085729
0.085605
0.085481
0.085357
0.085231
0.085105
0.084978
0.084850
0.084722
0.084593
0.084463
0.084332
0.084201
0.084069
0.083937
0.083803
0.083669
0.083535
0.083399
0.083263
0.083126
0.082989
0.082851
0.082712
0.082573
0.082433
0.082292
0.082151
0.082009
0.081867
0.081723
0.081580
0.081435
0.081290
0.081145
0.080999
0.080852
0.080705
0.080557
0.080408
0.080259
0.080110
0.079960
0.079809
0.079658
0.079507
0.079355
0.079202
0.079049
0.078896
0.078742
0.078588
0.078433
0.078278
0.078122
0.077966
0.077810
0.077653
0.077496
0.077339
0.077181
0.077023
0.076864
0.076706
0.076547
0.076387
0.076228
0.076068
0.075908
0.075748
0.075587
0.075427
0.075266
0.075105
0.074944
0.074782
0.074621
0.074459
0.074297
0.074136
0.073974
0.073812
0.073650
0.073488
0.073326
0.073163
0.073001
0.072839
0.072677
0.072515
0.072353
0.072191
0.072029
0.071867
0.071706
0.071544
0.071383
0.071221
0.071060
0.070899
0.070738
0.070578
0.070417
0.070257
0.070097
0.069937
0.069778
0.069618
0.069459
0.069300
0.069142
0.068984
0.068826
0.068668
0.068511
0.068354
0.068197
0.068041
0.067885
0.067730
0.067575
0.067420
0.067266
0.067112
0.066958
0.066805
0.066652
0.066500
0.066348
0.066197
0.066046
0.065896
0.065746
0.065596
0.065447
0.065298
0.065150
0.065003
0.064856
0.064709
0.064563
0.064417
0.064272
0.064128
0.063984
0.063840
0.063697
0.063555
0.063413
0.063271
0.063130
0.062990
0.062850
0.062711
0.062572
0.062434
0.062296
0.062159
0.062023
0.061887
0.061751
0.061616
0.061482
0.061348
0.061214
0.061082
0.060949
0.060818
0.060687
0.060556
0.060426
0.060296
0.060167
0.060039
0.059911
0.059783
0.059656
0.059530
0.059404
0.059279
0.059154
0.059030
0.058906
0.058782
0.058660
0.058537
0.058416
0.058294
0.058173
0.058053
0.057933
0.057814
0.057695
0.057577
0.057459
0.057341
0.057224
0.057108
0.056992
0.056876
0.056761
0.056646
0.056532
0.056418
0.056305
0.056192
0.056079
0.055967
0.055855
0.055744
0.055633
0.055523
0.055412
0.055303
0.055193
0.055085
0.054976
0.054868
0.054760
0.054653
0.054546
0.054439
0.054333
0.054227
0.054121
0.054016
0.053911
0.053807
0.053703
0.053599
0.053495
0.053392
0.053289
0.053187
0.053084
0.052983
0.052881
0.052780
0.052679
0.052578
0.052477
0.052377
0.052278
0.052178
0.052079
0.051980
0.051881
0.051783
0.051684
0.051586
0.051489
0.051391
0.051294
0.051197
0.051101
0.051004
0.050908
0.050812
0.050717
0.050621
0.050526
0.050431
0.050336
0.050242
0.050147
0.050053
0.049959
0.049866
0.049772
0.049679
0.049586
0.049493
0.049400
0.049308
0.049216
0.049124
0.049032
0.048940
0.048849
0.048757
0.048666
0.048575
0.048485
0.048394
0.048304
0.048213
0.048123
0.048034
0.047944
0.047854
0.047765
0.047676
0.047587
0.047498
0.047409
0.047321
0.047232
0.047144
0.047056
0.046968
0.046881
0.046793
0.046706
0.046618
0.046531
0.046444
0.046357
0.046271
0.046184
0.046098
0.046012
0.045926
0.045840
0.045754
0.045668
0.045583
0.045497
0.045412
0.045327
0.045242
0.045157
0.045073
0.044988
0.044904
0.044820
0.044735
0.044652
0.044568
0.044484
0.044400
0.044317
0.044234
0.044151
0.044068
0.043985
0.043902
0.043819
0.043737
0.043655
0.043572
0.043490
0.043408
0.043327
0.043245
0.043163
0.043082
0.043001
0.042920
0.042839
0.042758
0.042677
0.042596
0.042516
0.042436
0.042355
0.042275
0.042195
0.042116
0.042036
0.041956
0.041877
0.041798
0.041719
0.041640
0.041561
0.041482
0.041404
0.041325
0.041247
0.041169
0.041091
0.041013
0.040935
0.040857
0.040780
0.040702
0.040625
0.040548
0.040471
0.040394
0.040318
0.040241
0.040165
0.040088
0.040012
0.039936
0.039860
0.039785
0.039709
0.039634
0.039558
0.039483
0.039408
0.039333
0.039259
0.039184
0.039110
0.039035
0.038961
0.038887
0.038813
0.038740
0.038666
0.038592
0.038519
0.038446
0.038373
0.038300
0.038227
0.038155
0.038082
0.038010
0.037938
0.037866
0.037794
0.037722
0.037651
0.037579
0.037508
0.037437
0.037366
0.037295
0.037224
0.037153
0.037083
0.037013
0.036943
0.036873
0.036803
0.036733
0.036664
0.036594
0.036525
0.036456
0.036387
0.036318
0.036249
0.036181
0.036112
0.036044
0.035976
0.035908
0.035840
0.035773
0.035705
0.035638
0.035571
0.035504
0.035437
0.035370
0.035303
0.035237
0.035171
0.035104
0.035038
0.034973
0.034907
0.034841
0.034776
0.034711
0.034645
0.034580
0.034516
0.034451
0.034386
0.034322
0.034258
0.034194
0.034130
0.034066
0.034002
0.033939
0.033875
0.033812
0.033749
0.033686
0.033623
0.033561
0.033498
0.033436
0.033374
0.033312
0.033250
0.033188
0.033126
0.033065
0.033004
0.032942
0.032881
0.032821
0.032760
0.032699
0.032639
0.032579
0.032518
0.032458
0.032399
0.032339
0.032279
0.032220
0.032161
0.032101
0.032042
0.031984
0.031925
0.031866
0.031808
0.031750
0.031691
0.031633
0.031576
0.031518
0.031460
0.031403
0.031346
0.031288
0.031231
0.031174
0.031118
0.031061
0.031005
0.030948
0.030892
0.030836
0.030780
0.030725
0.030669
0.030613
0.030558
0.030503
0.030448
0.030393
0.030338
0.030284
0.030229
0.030175
0.030120
0.030066
0.030012
0.029958
0.029905
0.029851
0.029798
0.029744
0.029691
0.029638
0.029585
0.029533
0.029480
0.029427
0.029375
0.029323
0.029271
0.029219
0.029167
0.029115
0.029064
0.029012
0.028961
0.028910
0.028859
0.028808
0.028757
0.028706
0.028656
0.028605
0.028555
0.028505
0.028455
0.028405
0.028355
0.028305
0.028256
0.028206
0.028157
0.028108
0.028059
0.028010
0.027961
0.027913
0.027864
0.027816
0.027767
0.027719
0.027671
0.027623
0.027575
0.027528
0.027480
0.027433
0.027386
0.027338
0.027291
0.027244
0.027197
0.027151
0.027104
0.027058
0.027011
0.026965
0.026919
0.026873
0.026827
0.026781
0.026736
0.026690
0.026645
0.026599
0.026554
0.026509
0.026464
0.026419
0.026374
0.026330
0.026285
0.026241
0.026197
0.026152
0.026108
0.026064
0.026021
0.025977
0.025933
0.025890
0.025846
0.025803
0.025760
0.025717
0.025674
0.025631
0.025588
0.025546
0.025503
0.025461
0.025418
0.025376
0.025334
0.025292
0.025250
0.025208
0.025167
0.025125
0.025084
0.025042
0.025001
0.024960
0.024919
0.024878
0.024837
0.024796
0.024756
0.024715
0.024675
0.024634
0.024594
0.024554
0.024514
0.024474
0.024434
0.024394
0.024355
0.024315
0.024276
0.024236
0.024197
0.024158
0.024119
0.024080
0.024041
0.024002
0.023964
0.023925
0.023887
0.023848
0.023810
0.023772
0.023734
0.023696
0.023658
0.023620
0.023582
0.023545
0.023507
0.023470
0.023432
0.023395
0.023358
0.023321
0.023284
0.023247
0.023210
0.023174
0.023137
0.023101
0.023064
0.023028
0.022992
0.022955
0.022919
0.022883
0.022847
0.022812
0.022776
0.022740
0.022705
0.022669
0.022634
0.022599
0.022563
0.022528
0.022493
0.022458
0.022423
0.022389
0.022354
0.022319
0.022285
0.022250
0.022216
0.022182
0.022148
0.022114
0.022080
0.022046
0.022012
0.021978
0.021944
0.021911
0.021877
0.021844
0.021810
0.021777
0.021744
0.021711
0.021678
0.021645
0.021612
0.021579
0.021546
0.021514
0.021481
0.021448
0.021416
0.021384
0.021351
0.021319
0.021287
0.021255
0.021223
0.021191
0.021159
0.021128
0.021096
0.021064
0.021033
0.021001
0.020970
0.020939
0.020908
0.020876
0.020845
0.020814
0.020784
0.020753
0.020722
0.020691
0.020661
0.020630
0.020599
0.020569
0.020539
0.020508
0.020478
0.020448
0.020418
0.020388
0.020358
0.020328
0.020299
0.020269
0.020239
0.020210
0.020180
0.020151
0.020121
0.020092
0.020063
0.020034
0.020004
0.019975
0.019946
0.019918
0.019889
0.019860
0.019831
0.019803
0.019774
0.019746
0.019717
0.019689
0.019660
0.019632
0.019604
0.019576
0.019548
0.019520
0.019492
0.019464
0.019436
0.019409
0.019381
0.019353
0.019326
0.019298
0.019271
0.019243
0.019216
0.019189
0.019162
0.019135
0.019108
0.019081
0.019054
0.019027
0.019000
0.018973
0.018947
0.018920
0.018893
0.018867
0.018840
0.018814
0.018788
0.018761
0.018735
0.018709
0.018683
0.018657
0.018631
0.018605
0.018579
0.018553
0.018528
0.018502
0.018476
0.018451
0.018425
0.018400
0.018374
0.018349
0.018324
0.018298
0.018273
0.018248
0.018223
0.018198
0.018173
0.018148
0.018123
0.018098
0.018074
0.018049
0.018024
0.018000
0.017975
0.017951
0.017926
0.017902
0.017877
0.017853
0.017829
0.017805
0.017781
0.017757
0.017733
0.017709
0.017685
0.017661
0.017637
0.017613
0.017590
0.017566
0.017542
0.017519
0.017495
0.017472
0.017448
0.017425
0.017402
0.017378
0.017355
0.017332
0.017309
0.017286
0.017263
0.017240
0.017217
0.017194
0.017171
0.017149
0.017126
0.017103
0.017081
0.017058
0.017035
0.017013
0.016991
0.016968
0.016946
0.016924
0.016901
0.016879
0.016857
0.016835
0.016813
0.016791
0.016769
0.016747
0.016725
0.016703
0.016681
0.016660
0.016638
0.016616
0.016595
0.016573
0.016551
0.016530
0.016509
0.016487
0.016466
0.016445
0.016423
0.016402
0.016381
0.016360
0.016339
0.016318
0.016297
0.016276
0.016255
0.016234
0.016213
0.016192
0.016171
0.016151
0.016130
0.016109
0.016089
0.016068
0.016048
0.016027
0.016007
0.015987
0.015966
0.015946
0.015926
0.015906
0.015885
0.015865
0.015845
0.015825
0.015805
0.015785
0.015765
0.015745
0.015725
0.015706
0.015686
0.015666
0.015646
0.015627
0.015607
0.015588
0.015568
0.015549
0.015529
0.015510
0.015490
0.015471
0.015452
0.015432
0.015413
0.015394
0.015375
0.015356
0.015336
0.015317
0.015298
0.015279
0.015261
0.015242
0.015223
0.015204
0.015185
0.015166
0.015148
0.015129
0.015110
0.015092
0.015073
0.015055
0.015036
0.015018
0.014999
0.014981
0.014962
0.014944
0.014926
0.014908
0.014889
0.014871
0.014853
0.014835
0.014817
0.014799
0.014781
0.014763
0.014745
0.014727
0.014709
0.014691
0.014673
0.014656
0.014638
0.014620
0.014602
0.014585
0.014567
0.014550
0.014532
0.014515
0.014497
0.014480
0.014462
0.014445
0.014427
0.014410
0.014393
0.014376
0.014358
0.014341
0.014324
0.014307
0.014290
0.014273
0.014256
0.014239
0.014222
0.014205
0.014188
0.014171
0.014154
0.014137
0.014121
0.014104
0.014087
0.014070
0.014054
0.014037
0.014021
0.014004
0.013987
0.013971
0.013954
0.013938
0.013922
0.013905
0.013889
0.013873
0.013856
0.013840
0.013824
0.013807
0.013791
0.013775
0.013759
0.013743
0.013727
0.013711
0.013695
0.013679
0.013663
0.013647
0.013631
0.013615
0.013599
0.013584
0.013568
0.013552
0.013536
0.013521
0.013505
0.013489
0.013474
0.013458
0.013443
0.013427
0.013412
0.013396
0.013381
0.013365
0.013350
0.013334
0.013319
0.013304
0.013288
0.013273
0.013258
0.013243
0.013228
0.013212
0.013197
0.013182
0.013167
0.013152
0.013137
0.013122
0.013107
0.013092
0.013077
0.013062
0.013048
0.013033
0.013018
0.013003
0.012988
0.012974
0.012959
0.012944
0.012930
0.012915
0.012900
0.012886
0.012871
0.012857
0.012842
0.012828
0.012813
0.012799
0.012784
0.012770
0.012756
0.012741
0.012727
0.012713
0.012698
0.012684
0.012670
0.012656
0.012642
0.012627
0.012613
0.012599
0.012585
0.012571
0.012557
0.012543
0.012529
0.012515
0.012501
0.012487
0.012473
0.012460
0.012446
0.012432
0.012418
0.012404
0.012391
0.012377
0.012363
0.012349
0.012336
0.012322
0.012309
0.012295
0.012281
0.012268
0.012254
0.012241
0.012227
0.012214
0.012201
0.012187
0.012174
0.012160
0.012147
0.012134
0.012120
0.012107
0.012094
0.012081
0.012067
0.012054
0.012041
0.012028
0.012015
0.012002
0.011989
0.011976
0.011963
0.011950
0.011937
0.011924
0.011911
0.011898
0.011885
0.011872
0.011859
0.011846
0.011833
0.011820
0.011808
0.011795
0.011782
0.011769
0.011757
0.011744
0.011731
0.011719
0.011706
0.011694
0.011681
0.011668
0.011656
0.011643
0.011631
0.011618
0.011606
0.011593
0.011581
0.011569
0.011556
0.011544
0.011532
0.011519
0.011507
0.011495
0.011482
0.011470
0.011458
0.011446
0.011433
0.011421
0.011409
0.011397
0.011385
0.011373
0.011361
0.011349
0.011337
0.011325
0.011313
0.011301
0.011289
0.011277
0.011265
0.011253
0.011241
0.011229
0.011217
0.011205
0.011194
0.011182
0.011170
0.011158
0.011147
0.011135
0.011123
0.011111
0.011100
0.011088
0.011077
0.011065
0.011053
0.011042
0.011030
0.011019
0.011007
0.010996
0.010984
0.010973
0.010961
0.010950
0.010938
0.010927
0.010916
0.010904
0.010893
0.010882
0.010870
0.010859
0.010848
0.010836
0.010825
0.010814
0.010803
0.010791
0.010780
0.010769
0.010758
0.010747
0.010736
0.010725
0.010714
0.010703
0.010692
0.010681
0.010670
0.010659
0.010648
0.010637
0.010626
0.010615
0.010604
0.010593
0.010582
0.010571
0.010560
0.010549
0.010539
0.010528
0.010517
0.010506
0.010496
0.010485
0.010474
0.010463
0.010453
0.010442
0.010431
0.010421
0.010410
0.010400
0.010389
0.010378
0.010368
0.010357
0.010347
0.010336
0.010326
0.010315
0.010305
0.010294
0.010284
0.010274
0.010263
0.010253
0.010242
0.010232
0.010222
0.010211
0.010201
0.010191
0.010181
0.010170
0.010160
0.010150
0.010140
0.010129
0.010119
0.010109
0.010099
0.010089
0.010079
0.010068
0.010058
0.010048
0.010038
0.010028
0.010018
0.010008
0.009998
0.009988
0.009978
0.009968
0.009958
0.009948
0.009938
0.009928
0.009918
0.009909
0.009899
0.009889
0.009879
0.009869
0.009859
0.009850
0.009840
0.009830
0.009820
0.009811
0.009801
0.009791
0.009781
0.009772
0.009762
0.009752
0.009743
0.009733
0.009723
0.009714
0.009704
0.009695
0.009685
0.009676
0.009666
0.009657
0.009647
0.009638
0.009628
0.009619
0.009609
0.009600
0.009590
0.009581
0.009571
0.009562
0.009553
0.009543
0.009534
0.009525
0.009515
0.009506
0.009497
0.009487
0.009478
0.009469
0.009460
0.009450
0.009441
0.009432
0.009423
0.009414
0.009405
0.009395
0.009386
0.009377
0.009368
0.009359
0.009350
0.009341
0.009332
0.009323
0.009314
0.009305
0.009296
0.009287
0.009278
0.009269
0.009260
0.009251
0.009242
0.009233
0.009224
0.009215
0.009206
0.009197
0.009188
0.009180
0.009171
0.009162
0.009153
0.009144
0.009135
0.009127
0.009118
0.009109
0.009100
0.009092
0.009083
0.009074
0.009066
0.009057
0.009048
0.009040
0.009031
0.009022
0.009014
0.009005
0.008996
0.008988
0.008979
0.008971
0.008962
0.008954
0.008945
0.008937
0.008928
0.008920
0.008911
0.008903
0.008894
0.008886
0.008877
0.008869
0.008860
0.008852
0.008844
0.008835
0.008827
0.008819
0.008810
0.008802
0.008794
0.008785
0.008777
0.008769
0.008760
0.008752
0.008744
0.008736
0.008727
0.008719
0.008711
0.008703
0.008695
0.008686
0.008678
0.008670
0.008662
0.008654
0.008646
0.008638
0.008630
0.008621
0.008613
0.008605
0.008597
0.008589
0.008581
0.008573
0.008565
0.008557
0.008549
0.008541
0.008533
0.008525
0.008517
0.008509
0.008501
0.008493
0.008486
0.008478
0.008470
0.008462
0.008454
0.008446
0.008438
0.008430
0.008423
0.008415
0.008407
0.008399
0.008391
0.008384
0.008376
0.008368
0.008360
0.008353
0.008345
0.008337
0.008330
0.008322
0.008314
0.008307
0.008299
0.008291
0.008284
0.008276
0.008268
0.008261
0.008253
0.008246
0.008238
0.008230
0.008223
0.008215
0.008208
0.008200
0.008193
0.008185
0.008178
0.008170
0.008163
0.008155
0.008148
0.008140
0.008133
0.008125
0.008118
0.008111
0.008103
0.008096
0.008088
0.008081
0.008074
0.008066
0.008059
0.008052
0.008044
0.008037
0.008030
0.008022
0.008015
0.008008
0.008001
0.007993
0.007986
0.007979
0.007972
0.007964
0.007957
0.007950
0.007943
0.007936
0.007928
0.007921
0.007914
0.007907
0.007900
0.007893
0.007886
0.007878
0.007871
0.007864
0.007857
0.007850
0.007843
0.007836
0.007829
0.007822
0.007815
0.007808
0.007801
0.007794
0.007787
0.007780
0.007773
0.007766
0.007759
0.007752
0.007745
0.007738
0.007731
0.007724
0.007717
0.007710
0.007704
0.007697
0.007690
0.007683
0.007676
0.007669
0.007662
0.007656
0.007649
0.007642
0.007635
0.007628
0.007622
0.007615
0.007608
0.007601
0.007595
0.007588
0.007581
0.007574
0.007568
0.007561
0.007554
0.007548
0.007541
0.007534
0.007528
0.007521
0.007514
0.007508
0.007501
0.007494
0.007488
0.007481
0.007474
0.007468
0.007461
0.007455
0.007448
0.007442
0.007435
0.007429
0.007422
0.007415
0.007409
0.007402
0.007396
0.007389
0.007383
0.007377
0.007370
0.007364
0.007357
0.007351
0.007344
0.007338
0.007331
0.007325
0.007319
0.007312
0.007306
0.007299
0.007293
0.007287
0.007280
0.007274
0.007268
0.007261
0.007255
0.007249
0.007242
0.007236
0.007230
0.007224
0.007217
0.007211
0.007205
0.007198
0.007192
0.007186
0.007180
0.007174
0.007167
0.007161
0.007155
0.007149
0.007143
0.007136
0.007130
0.007124
0.007118
0.007112
0.007106
0.007099
0.007093
0.007087
0.007081
0.007075
0.007069
0.007063
0.007057
0.007051
0.007045
0.007039
0.007033
0.007027
0.007020
0.007014
0.007008
0.007002
0.006996
0.006990
0.006984
0.006978
0.006972
0.006967
0.006961
0.006955
0.006949
0.006943
0.006937
0.006931
0.006925
0.006919
0.006913
0.006907
0.006901
0.006895
0.006890
0.006884
0.006878
0.006872
0.006866
0.006860
0.006855
0.006849
0.006843
0.006837
0.006831
0.006825
0.006820
0.006814
0.006808
0.006802
0.006797
0.006791
0.006785
0.006779
0.006774
0.006768
0.006762
0.006756
0.006751
0.006745
0.006739
0.006734
0.006728
0.006722
0.006717
0.006711
0.006705
0.006700
0.006694
0.006689
0.006683
0.006677
0.006672
0.006666
0.006660
0.006655
0.006649
0.006644
0.006638
0.006633
0.006627
0.006622
0.006616
0.006610
0.006605
0.006599
0.006594
0.006588
0.006583
0.006577
0.006572
0.006566
0.006561
0.006555
0.006550
0.006545
0.006539
0.006534
0.006528
0.006523
0.006517
0.006512
0.006507
0.006501
0.006496
0.006490
0.006485
0.006480
0.006474
0.006469
0.006464
0.006458
0.006453
0.006447
0.006442
0.006437
0.006431
0.006426
0.006421
0.006416
0.006410
0.006405
0.006400
0.006394
0.006389
0.006384
0.006379
0.006373
0.006368
0.006363
0.006358
0.006352
0.006347
0.006342
0.006337
0.006332
0.006326
0.006321
0.006316
0.006311
0.006306
0.006301
0.006295
0.006290
0.006285
0.006280
0.006275
0.006270
0.006265
0.006259
0.006254
0.006249
0.006244
0.006239
0.006234
0.006229
0.006224
0.006219
0.006214
0.006209
0.006204
0.006198
0.006193
0.006188
0.006183
0.006178
0.006173
0.006168
0.006163
0.006158
0.006153
0.006148
0.006143
0.006138
0.006133
0.006128
0.006123
0.006119
0.006114
0.006109
0.006104
0.006099
0.006094
0.006089
0.006084
0.006079
0.006074
0.006069
0.006064
0.006060
0.006055
0.006050
0.006045
0.006040
0.006035
0.006030
0.006026
0.006021
0.006016
0.006011
0.006006
0.006001
0.005997
0.005992
0.005987
0.005982
0.005977
0.005973
0.005968
0.005963
0.005958
0.005954
0.005949
0.005944
0.005939
0.005935
0.005930
0.005925
0.005920
0.005916
0.005911
0.005906
0.005902
0.005897
0.005892
0.005887
0.005883
0.005878
0.005873
0.005869
0.005864
0.005859
0.005855
0.005850
0.005846
0.005841
0.005836
0.005832
0.005827
0.005822
0.005818
0.005813
0.005809
0.005804
0.005799
0.005795
0.005790
0.005786
0.005781
0.005777
0.005772
0.005768
0.005763
0.005758
0.005754
0.005749
0.005745
0.005740
0.005736
0.005731
0.005727
0.005722
0.005718
0.005713
0.005709
0.005704
0.005700
0.005695
0.005691
0.005687
0.005682
0.005678
0.005673
0.005669
0.005664
0.005660
0.005656
0.005651
0.005647
0.005642
0.005638
0.005634
0.005629
0.005625
0.005620
0.005616
0.005612
0.005607
0.005603
0.005599
0.005594
0.005590
0.005586
0.005581
0.005577
0.005573
0.005568
0.005564
0.005560
0.005555
0.005551
0.005547
0.005542
0.005538
0.005534
0.005530
0.005525
0.005521
0.005517
0.005512
0.005508
0.005504
0.005500
0.005496
0.005491
0.005487
0.005483
0.005479
0.005474
0.005470
0.005466
0.005462
0.005458
0.005453
0.005449
0.005445
0.005441
0.005437
0.005433
0.005428
0.005424
0.005420
0.005416
0.005412
0.005408
0.005403
0.005399
0.005395
0.005391
0.005387
0.005383
0.005379
0.005375
0.005371
0.005366
0.005362
0.005358
0.005354
0.005350
0.005346
0.005342
0.005338
0.005334
0.005330
0.005326
0.005322
0.005318
0.005314
0.005310
0.005306
0.005302
0.005298
0.005294
0.005290
0.005286
0.005282
0.005278
0.005274
0.005270
0.005266
0.005262
0.005258
0.005254
0.005250
0.005246
0.005242
0.005238
0.005234
0.005230
0.005226
0.005222
0.005218
0.005214
0.005210
0.005206
0.005202
0.005199
0.005195
0.005191
0.005187
0.005183
0.005179
0.005175
0.005171
0.005167
0.005164
0.005160
0.005156
0.005152
0.005148
0.005144
0.005140
0.005137
0.005133
0.005129
0.005125
0.005121
0.005117
0.005114
0.005110
0.005106
0.005102
0.005098
0.005095
0.005091
0.005087
0.005083
0.005080
0.005076
0.005072
0.005068
0.005064
0.005061
0.005057
0.005053
0.005049
0.005046
0.005042
0.005038
0.005035
0.005031
0.005027
0.005023
0.005020
0.005016
0.005012
0.005009
0.005005
0.005001
0.004997
0.004994
0.004990
0.004986
0.004983
0.004979
0.004975
0.004972
0.004968
0.004964
0.004961
0.004957
0.004954
0.004950
0.004946
0.004943
0.004939
0.004935
0.004932
0.004928
0.004925
0.004921
0.004917
0.004914
0.004910
0.004907
0.004903
0.004899
0.004896
0.004892
0.004889
0.004885
0.004882
0.004878
0.004874
0.004871
0.004867
0.004864
0.004860
0.004857
0.004853
0.004850
0.004846
0.004843
0.004839
0.004836
0.004832
0.004829
0.004825
0.004822
0.004818
0.004815
0.004811
0.004808
0.004804
0.004801
0.004797
0.004794
0.004790
0.004787
0.004783
0.004780
0.004776
0.004773
0.004770
0.004766
0.004763
0.004759
0.004756
0.004752
0.004749
0.004746
0.004742
0.004739
0.004735
0.004732
0.004729
0.004725
0.004722
0.004718
0.004715
0.004712
0.004708
0.004705
0.004701
0.004698
0.004695
0.004691
0.004688
0.004685
0.004681
0.004678
0.004675
0.004671
0.004668
0.004665
0.004661
0.004658
0.004655
0.004651
0.004648
0.004645
0.004641
0.004638
0.004635
0.004632
0.004628
0.004625
0.004622
0.004618
0.004615
0.004612
0.004609
0.004605
0.004602
0.004599
0.004595
0.004592
0.004589
0.004586
0.004582
0.004579
0.004576
0.004573
0.004570
0.004566
0.004563
0.004560
0.004557
0.004553
0.004550
0.004547
0.004544
0.004541
0.004537
0.004534
0.004531
0.004528
0.004525
0.004521
0.004518
0.004515
0.004512
0.004509
0.004506
0.004502
0.004499
0.004496
0.004493
0.004490
0.004487
0.004484
0.004480
0.004477
0.004474
0.004471
0.004468
0.004465
0.004462
0.004459
0.004455
0.004452
0.004449
0.004446
0.004443
0.004440
0.004437
0.004434
0.004431
0.004428
0.004425
0.004421
0.004418
0.004415
0.004412
0.004409
0.004406
0.004403
0.004400
0.004397
0.004394
0.004391
0.004388
0.004385
0.004382
0.004379
0.004376
0.004373
0.004370
0.004367
0.004364
0.004361
0.004358
0.004355
0.004352
0.004349
0.004346
0.004343
0.004340
0.004337
0.004334
0.004331
0.004328
0.004325
0.004322
0.004319
0.004316
0.004313
0.004310
0.004307
0.004304
0.004301
0.004298
0.004295
0.004292
0.004289
0.004286
0.004283
0.004280
0.004277
0.004275
0.004272
0.004269
0.004266
0.004263
0.004260
0.004257
0.004254
0.004251
0.004248
0.004245
0.004243
0.004240
0.004237
0.004234
0.004231
0.004228
0.004225
0.004222
0.004220
0.004217
0.004214
0.004211
0.004208
0.004205
0.004202
0.004200
0.004197
0.004194
0.004191
0.004188
0.004185
0.004183
0.004180
0.004177
0.004174
0.004171
0.004168
0.004166
0.004163
0.004160
0.004157
0.004154
0.004152
0.004149
0.004146
0.004143
0.004140
0.004138
0.004135
0.004132
0.004129
0.004127
0.004124
0.004121
0.004118
0.004115
0.004113
0.004110
0.004107
0.004104
0.004102
0.004099
0.004096
0.004093
0.004091
0.004088
0.004085
0.004083
0.004080
0.004077
0.004074
0.004072
0.004069
0.004066
0.004063
0.004061
0.004058
0.004055
0.004053
0.004050
0.004047
0.004045
0.004042
0.004039
0.004037
0.004034
0.004031
0.004028
0.004026
0.004023
0.004020
0.004018
0.004015
0.004012
0.004010
0.004007
0.004005
0.004002
0.003999
0.003997
0.003994
0.003991
0.003989
0.003986
0.003983
0.003981
0.003978
0.003976
0.003973
0.003970
0.003968
0.003965
0.003962
0.003960
0.003957
0.003955
0.003952
0.003949
0.003947
0.003944
0.003942
0.003939
0.003937
0.003934
0.003931
0.003929
0.003926
0.003924
0.003921
0.003919
0.003916
0.003913
0.003911
0.003908
0.003906
0.003903
0.003901
0.003898
0.003896
0.003893
0.003890
0.003888
0.003885
0.003883
0.003880
0.003878
0.003875
0.003873
0.003870
0.003868
0.003865
0.003863
0.003860
0.003858
0.003855
0.003853
0.003850
0.003848
0.003845
0.003843
0.003840
0.003838
0.003835
0.003833
0.003830
0.003828
0.003825
0.003823
0.003820
0.003818
0.003815
0.003813
0.003811
0.003808
0.003806
0.003803
0.003801
0.003798
0.003796
0.003793
0.003791
0.003789
0.003786
0.003784
0.003781
0.003779
0.003776
0.003774
0.003772
0.003769
0.003767
0.003764
0.003762
0.003759
0.003757
0.003755
0.003752
0.003750
0.003747
0.003745
0.003743
0.003740
0.003738
0.003736
0.003733
0.003731
0.003728
0.003726
0.003724
0.003721
0.003719
0.003716
0.003714
0.003712
0.003709
0.003707
0.003705
0.003702
0.003700
0.003698
0.003695
0.003693
0.003691
0.003688
0.003686
0.003684
0.003681
0.003679
0.003677
0.003674
0.003672
0.003670
0.003667
0.003665
0.003663
0.003660
0.003658
0.003656
0.003653
0.003651
0.003649
0.003647
0.003644
0.003642
0.003640
0.003637
0.003635
0.003633
0.003630
0.003628
0.003626
0.003624
0.003621
0.003619
0.003617
0.003615
0.003612
0.003610
0.003608
0.003606
0.003603
0.003601
0.003599
0.003597
0.003594
0.003592
0.003590
0.003588
0.003585
0.003583
0.003581
0.003579
0.003576
0.003574
0.003572
0.003570
0.003567
0.003565
0.003563
0.003561
0.003559
0.003556
0.003554
0.003552
0.003550
0.003548
0.003545
0.003543
0.003541
0.003539
0.003537
0.003534
0.003532
0.003530
0.003528
0.003526
0.003523
0.003521
0.003519
0.003517
0.003515
0.003513
0.003510
0.003508
0.003506
0.003504
0.003502
0.003500
0.003497
0.003495
0.003493
0.003491
0.003489
0.003487
0.003485
0.003482
0.003480
0.003478
0.003476
0.003474
0.003472
0.003470
0.003467
0.003465
0.003463
0.003461
0.003459
0.003457
0.003455
0.003453
0.003450
0.003448
0.003446
0.003444
0.003442
0.003440
0.003438
0.003436
0.003434
0.003432
0.003429
0.003427
0.003425
0.003423
0.003421
0.003419
0.003417
0.003415
0.003413
0.003411
0.003409
0.003407
0.003405
0.003402
0.003400
0.003398
0.003396
0.003394
0.003392
0.003390
0.003388
0.003386
0.003384
0.003382
0.003380
0.003378
0.003376
0.003374
0.003372
0.003370
0.003368
0.003366
0.003364
0.003362
0.003359
0.003357
0.003355
0.003353
0.003351
0.003349
0.003347
0.003345
0.003343
0.003341
0.003339
0.003337
0.003335
0.003333
0.003331
0.003329
0.003327
0.003325
0.003323
0.003321
0.003319
0.003317
0.003315
0.003313
0.003311
0.003309
0.003307
0.003305
0.003304
0.003302
0.003300
0.003298
0.003296
0.003294
0.003292
0.003290
0.003288
0.003286
0.003284
0.003282
0.003280
0.003278
0.003276
0.003274
0.003272
0.003270
0.003268
0.003266
0.003264
0.003262
0.003261
0.003259
0.003257
0.003255
0.003253
0.003251
0.003249
0.003247
0.003245
0.003243
0.003241
0.003239
0.003237
0.003236
0.003234
0.003232
0.003230
0.003228
0.003226
0.003224
0.003222
0.003220
0.003218
0.003216
0.003215
0.003213
0.003211
0.003209
0.003207
0.003205
0.003203
0.003201
0.003200
0.003198
0.003196
0.003194
0.003192
0.003190
0.003188
0.003186
0.003185
0.003183
0.003181
0.003179
0.003177
0.003175
0.003173
0.003172
0.003170
0.003168
0.003166
0.003164
0.003162
0.003160
0.003159
0.003157
0.003155
0.003153
0.003151
0.003149
0.003148
0.003146
0.003144
0.003142
0.003140
0.003138
0.003137
0.003135
0.003133
0.003131
0.003129
0.003128
0.003126
0.003124
0.003122
0.003120
0.003119
0.003117
0.003115
0.003113
0.003111
0.003110
0.003108
0.003106
0.003104
0.003102
0.003101
0.003099
0.003097
0.003095
0.003093
0.003092
0.003090
0.003088
0.003086
0.003085
0.003083
0.003081
0.003079
0.003077
0.003076
0.003074
0.003072
0.003070
0.003069
0.003067
0.003065
0.003063
0.003062
0.003060
0.003058
0.003056
0.003055
0.003053
0.003051
0.003049
0.003048
0.003046
0.003044
0.003042
0.003041
0.003039
0.003037
0.003035
0.003034
0.003032
0.003030
0.003029
0.003027
0.003025
0.003023
0.003022
0.003020
0.003018
0.003017
0.003015
0.003013
0.003011
0.003010
0.003008
0.003006
0.003005
0.003003
0.003001
0.002999
0.002998
0.002996
0.002994
0.002993
0.002991
0.002989
0.002988
0.002986
0.002984
0.002983
0.002981
0.002979
0.002977
0.002976
0.002974
0.002972
0.002971
0.002969
0.002967
0.002966
0.002964
0.002962
0.002961
0.002959
0.002957
0.002956
0.002954
0.002952
0.002951
0.002949
0.002947
0.002946
0.002944
0.002943
0.002941
0.002939
0.002938
0.002936
0.002934
0.002933
0.002931
0.002929
0.002928
0.002926
0.002925
0.002923
0.002921
0.002920
0.002918
0.002916
0.002915
0.002913
0.002911
0.002910
0.002908
0.002907
0.002905
0.002903
0.002902
0.002900
0.002899
0.002897
0.002895
0.002894
0.002892
0.002891
0.002889
0.002887
0.002886
0.002884
0.002883
0.002881
0.002879
0.002878
0.002876
0.002875
0.002873
0.002871
0.002870
0.002868
0.002867
0.002865
0.002863
0.002862
0.002860
0.002859
0.002857
0.002856
0.002854
0.002852
0.002851
0.002849
0.002848
0.002846
0.002845
0.002843
0.002842
0.002840
0.002838
0.002837
0.002835
0.002834
0.002832
0.002831
0.002829
0.002828
0.002826
0.002824
0.002823
0.002821
0.002820
0.002818
0.002817
0.002815
0.002814
0.002812
0.002811
0.002809
0.002807
0.002806
0.002804
0.002803
0.002801
0.002800
0.002798
0.002797
0.002795
0.002794
0.002792
0.002791
0.002789
0.002788
0.002786
0.002785
0.002783
0.002782
0.002780
0.002779
0.002777
0.002776
0.002774
0.002773
0.002771
0.002770
0.002768
0.002767
0.002765
0.002764
0.002762
0.002761
0.002759
0.002758
0.002756
0.002755
0.002753
0.002752
0.002750
0.002749
0.002747
0.002746
0.002744
0.002743
0.002741
0.002740
0.002738
0.002737
0.002735
0.002734
0.002733
0.002731
0.002730
0.002728
0.002727
0.002725
0.002724
0.002722
0.002721
0.002719
0.002718
0.002716
0.002715
0.002714
0.002712
0.002711
0.002709
0.002708
0.002706
0.002705
0.002703
0.002702
0.002701
0.002699
0.002698
0.002696
0.002695
0.002693
0.002692
0.002691
0.002689
0.002688
0.002686
0.002685
0.002683
0.002682
0.002681
0.002679
0.002678
0.002676
0.002675
0.002673
0.002672
0.002671
0.002669
0.002668
0.002666
0.002665
0.002664
0.002662
0.002661
0.002659
0.002658
0.002656
0.002655
0.002654
0.002652
0.002651
0.002650
0.002648
0.002647
0.002645
0.002644
0.002643
0.002641
0.002640
0.002638
0.002637
0.002636
0.002634
0.002633
0.002631
0.002630
0.002629
0.002627
0.002626
0.002625
0.002623
0.002622
0.002620
0.002619
0.002618
0.002616
0.002615
0.002614
0.002612
0.002611
0.002609
0.002608
0.002607
0.002605
0.002604
0.002603
0.002601
0.002600
0.002599
0.002597
0.002596
0.002595
0.002593
0.002592
0.002590
0.002589
0.002588
0.002586
0.002585
0.002584
0.002582
0.002581
0.002580
0.002578
0.002577
0.002576
0.002574
0.002573
0.002572
0.002570
0.002569
0.002568
0.002566
0.002565
0.002564
0.002562
0.002561
0.002560
0.002558
0.002557
0.002556
0.002554
0.002553
0.002552
0.002551
0.002549
0.002548
0.002547
0.002545
0.002544
0.002543
0.002541
0.002540
0.002539
0.002537
0.002536
0.002535
0.002534
0.002532
0.002531
0.002530
0.002528
0.002527
0.002526
0.002524
0.002523
0.002522
0.002521
0.002519
0.002518
0.002517
0.002515
0.002514
0.002513
0.002512
0.002510
0.002509
0.002508
0.002506
0.002505
0.002504
0.002503
0.002501
0.002500
0.002499
0.002498
0.002496
0.002495
0.002494
0.002492
0.002491
0.002490
0.002489
0.002487
0.002486
0.002485
0.002484
0.002482
0.002481
0.002480
0.002479
0.002477
0.002476
0.002475
0.002474
0.002472
0.002471
0.002470
0.002469
0.002467
0.002466
0.002465
0.002464
0.002462
0.002461
0.002460
0.002459
0.002457
0.002456
0.002455
0.002454
0.002452
0.002451
0.002450
0.002449
0.002447
0.002446
0.002445
0.002444
0.002443
0.002441
0.002440
0.002439
0.002438
0.002436
0.002435
0.002434
0.002433
0.002432
0.002430
0.002429
0.002428
0.002427
0.002425
0.002424
0.002423
0.002422
0.002421
0.002419
0.002418
0.002417
0.002416
0.002415
0.002413
0.002412
0.002411
0.002410
0.002409
0.002407
0.002406
0.002405
0.002404
0.002403
0.002401
0.002400
0.002399
0.002398
0.002397
0.002395
0.002394
0.002393
0.002392
0.002391
0.002389
0.002388
0.002387
0.002386
0.002385
0.002384
0.002382
0.002381
0.002380
0.002379
0.002378
0.002376
0.002375
0.002374
0.002373
0.002372
0.002371
0.002369
0.002368
0.002367
0.002366
0.002365
0.002364
0.002362
0.002361
0.002360
0.002359
0.002358
0.002357
0.002355
0.002354
0.002353
0.002352
0.002351
0.002350
0.002349
0.002347
0.002346
0.002345
0.002344
0.002343
0.002342
0.002340
0.002339
0.002338
0.002337
0.002336
0.002335
0.002334
0.002332
0.002331
0.002330
0.002329
0.002328
0.002327
0.002326
0.002325
0.002323
0.002322
0.002321
0.002320
0.002319
0.002318
0.002317
0.002315
0.002314
0.002313
0.002312
0.002311
0.002310
0.002309
0.002308
0.002306
0.002305
0.002304
0.002303
0.002302
0.002301
0.002300
0.002299
0.002298
0.002296
0.002295
0.002294
0.002293
0.002292
0.002291
0.002290
0.002289
0.002288
0.002286
0.002285
0.002284
0.002283
0.002282
0.002281
0.002280
0.002279
0.002278
0.002277
0.002275
0.002274
0.002273
0.002272
0.002271
0.002270
0.002269
0.002268
0.002267
0.002266
0.002265
0.002263
0.002262
0.002261
0.002260
0.002259
0.002258
0.002257
0.002256
0.002255
0.002254
0.002253
0.002252
0.002250
0.002249
0.002248
0.002247
0.002246
0.002245
0.002244
0.002243
0.002242
0.002241
0.002240
0.002239
0.002238
0.002237
0.002235
0.002234
0.002233
0.002232
0.002231
0.002230
0.002229
0.002228
0.002227
0.002226
0.002225
0.002224
0.002223
0.002222
0.002221
0.002220
0.002219
0.002218
0.002216
0.002215
0.002214
0.002213
0.002212
0.002211
0.002210
0.002209
0.002208
0.002207
0.002206
0.002205
0.002204
0.002203
0.002202
0.002201
0.002200
0.002199
0.002198
0.002197
0.002196
0.002195
0.002194
0.002193
0.002191
0.002190
0.002189
0.002188
0.002187
0.002186
0.002185
0.002184
0.002183
0.002182
0.002181
0.002180
0.002179
0.002178
0.002177
0.002176
0.002175
0.002174
0.002173
0.002172
0.002171
0.002170
0.002169
0.002168
0.002167
0.002166
0.002165
0.002164
0.002163
0.002162
0.002161
0.002160
0.002159
0.002158
0.002157
0.002156
0.002155
0.002154
0.002153
0.002152
0.002151
0.002150
0.002149
0.002148
0.002147
0.002146
0.002145
0.002144
0.002143
0.002142
0.002141
0.002140
0.002139
0.002138
0.002137
0.002136
0.002135
0.002134
0.002133
0.002132
0.002131
0.002130
0.002129
0.002128
0.002127
0.002126
0.002125
0.002124
0.002123
0.002122
0.002121
0.002120
0.002119
0.002118
0.002117
0.002116
0.002115
0.002114
0.002113
0.002112
0.002111
0.002110
0.002109
0.002109
0.002108
0.002107
0.002106
0.002105
0.002104
0.002103
0.002102
0.002101
0.002100
0.002099
0.002098
0.002097
0.002096
0.002095
0.002094
0.002093
0.002092
0.002091
0.002090
0.002089
0.002088
0.002087
0.002086
0.002085
0.002085
0.002084
0.002083
0.002082
0.002081
0.002080
0.002079
0.002078
0.002077
0.002076
0.002075
0.002074
0.002073
0.002072
0.002071
0.002070
0.002069
0.002068
0.002068
0.002067
0.002066
0.002065
0.002064
0.002063
0.002062
0.002061
0.002060
0.002059
0.002058
0.002057
0.002056
0.002055
0.002054
0.002054
0.002053
0.002052
0.002051
0.002050
0.002049
0.002048
0.002047
0.002046
0.002045
0.002044
0.002043
0.002042
0.002041
0.002041
0.002040
0.002039
0.002038
0.002037
0.002036
0.002035
0.002034
0.002033
0.002032
0.002031
0.002031
0.002030
0.002029
0.002028
0.002027
0.002026
0.002025
0.002024
0.002023
0.002022
0.002021
0.002021
0.002020
0.002019
0.002018
0.002017
0.002016
0.002015
0.002014
0.002013
0.002012
0.002012
0.002011
0.002010
0.002009
0.002008
0.002007
0.002006
0.002005
0.002004
0.002003
0.002003
0.002002
0.002001
0.002000
0.001999
0.001998
0.001997
0.001996
0.001995
0.001995
0.001994
0.001993
0.001992
0.001991
0.001990
0.001989
0.001988
0.001988
0.001987
0.001986
0.001985
0.001984
0.001983
0.001982
0.001981
0.001980
0.001980
0.001979
0.001978
0.001977
0.001976
0.001975
0.001974
0.001974
0.001973
0.001972
0.001971
0.001970
0.001969
0.001968
0.001967
0.001967
0.001966
0.001965
0.001964
0.001963
0.001962
0.001961
0.001961
0.001960
0.001959
0.001958
0.001957
0.001956
0.001955
0.001955
0.001954
0.001953
0.001952
0.001951
0.001950
0.001949
0.001949
0.001948
0.001947
0.001946
0.001945
0.001944
0.001943
0.001943
0.001942
0.001941
0.001940
0.001939
0.001938
0.001938
0.001937
0.001936
0.001935
0.001934
0.001933
0.001932
0.001932
0.001931
0.001930
0.001929
0.001928
0.001927
0.001927
0.001926
0.001925
0.001924
0.001923
0.001922
0.001922
0.001921
0.001920
0.001919
0.001918
0.001917
0.001917
0.001916
0.001915
0.001914
0.001913
0.001912
0.001912
0.001911
0.001910
0.001909
0.001908
0.001908
0.001907
0.001906
0.001905
0.001904
0.001903
0.001903
0.001902
0.001901
0.001900
0.001899
0.001898
0.001898
0.001897
0.001896
0.001895
0.001894
0.001894
0.001893
0.001892
0.001891
0.001890
0.001890
0.001889
0.001888
0.001887
0.001886
0.001886
0.001885
0.001884
0.001883
0.001882
0.001881
0.001881
0.001880
0.001879
0.001878
0.001877
0.001877
0.001876
0.001875
0.001874
0.001873
0.001873
0.001872
0.001871
0.001870
0.001869
0.001869
0.001868
0.001867
0.001866
0.001866
0.001865
0.001864
0.001863
0.001862
0.001862
0.001861
0.001860
0.001859
0.001858
0.001858
0.001857
0.001856
0.001855
0.001854
0.001854
0.001853
0.001852
0.001851
0.001851
0.001850
0.001849
0.001848
0.001847
0.001847
0.001846
0.001845
0.001844
0.001844
0.001843
0.001842
0.001841
0.001840
0.001840
0.001839
0.001838
0.001837
0.001837
0.001836
0.001835
0.001834
0.001833
0.001833
0.001832
0.001831
0.001830
0.001830
0.001829
0.001828
0.001827
0.001827
0.001826
0.001825
0.001824
0.001823
0.001823
0.001822
0.001821
0.001820
0.001820
0.001819
0.001818
0.001817
0.001817
0.001816
0.001815
0.001814
0.001814
0.001813
0.001812
0.001811
0.001811
0.001810
0.001809
0.001808
0.001808
0.001807
0.001806
0.001805
0.001805
0.001804
0.001803
0.001802
0.001802
0.001801
0.001800
0.001799
0.001799
0.001798
0.001797
0.001796
0.001796
0.001795
0.001794
0.001793
0.001793
0.001792
0.001791
0.001790
0.001790
0.001789
0.001788
0.001787
0.001787
0.001786
0.001785
0.001784
0.001784
0.001783
0.001782
0.001781
0.001781
0.001780
0.001779
0.001779
0.001778
0.001777
0.001776
0.001776
0.001775
0.001774
0.001773
0.001773
0.001772
0.001771
0.001770
0.001770
0.001769
0.001768
0.001768
0.001767
0.001766
0.001765
0.001765
0.001764
0.001763
0.001762
0.001762
0.001761
0.001760
0.001760
0.001759
0.001758
0.001757
0.001757
0.001756
0.001755
0.001755
0.001754
0.001753
0.001752
0.001752
0.001751
0.001750
0.001750
0.001749
0.001748
0.001747
0.001747
0.001746
0.001745
0.001745
0.001744
0.001743
0.001742
0.001742
0.001741
0.001740
0.001740
0.001739
0.001738
0.001737
0.001737
0.001736
0.001735
0.001735
0.001734
0.001733
0.001733
0.001732
0.001731
0.001730
0.001730
0.001729
0.001728
0.001728
0.001727
0.001726
0.001726
0.001725
0.001724
0.001723
0.001723
0.001722
0.001721
0.001721
0.001720
0.001719
0.001719
0.001718
0.001717
0.001717
0.001716
0.001715
0.001714
0.001714
0.001713
0.001712
0.001712
0.001711
0.001710
0.001710
0.001709
0.001708
0.001708
0.001707
0.001706
0.001706
0.001705
0.001704
0.001703
0.001703
0.001702
0.001701
0.001701
0.001700
0.001699
0.001699
0.001698
0.001697
0.001697
0.001696
0.001695
0.001695
0.001694
0.001693
0.001693
0.001692
0.001691
0.001691
0.001690
0.001689
0.001689
0.001688
0.001687
0.001687
0.001686
0.001685
0.001685
0.001684
0.001683
0.001683
0.001682
0.001681
0.001680
0.001680
0.001679
0.001678
0.001678
0.001677
0.001676
0.001676
0.001675
0.001674
0.001674
0.001673
0.001673
0.001672
0.001671
0.001671
0.001670
0.001669
0.001669
0.001668
0.001667
0.001667
0.001666
0.001665
0.001665
0.001664
0.001663
0.001663
0.001662
0.001661
0.001661
0.001660
0.001659
0.001659
0.001658
0.001657
0.001657
0.001656
0.001655
0.001655
0.001654
0.001653
0.001653
0.001652
0.001652
0.001651
0.001650
0.001650
0.001649
0.001648
0.001648
0.001647
0.001646
0.001646
0.001645
0.001644
0.001644
0.001643
0.001642
0.001642
0.001641
0.001641
0.001640
0.001639
0.001639
0.001638
0.001637
0.001637
0.001636
0.001635
0.001635
0.001634
0.001634
0.001633
0.001632
0.001632
0.001631
0.001630
0.001630
0.001629
0.001628
0.001628
0.001627
0.001627
0.001626
0.001625
0.001625
0.001624
0.001623
0.001623
0.001622
0.001621
0.001621
0.001620
0.001620
0.001619
0.001618
0.001618
0.001617
0.001616
0.001616
0.001615
0.001615
0.001614
0.001613
0.001613
0.001612
0.001611
0.001611
0.001610
0.001610
0.001609
0.001608
0.001608
0.001607
0.001606
0.001606
0.001605
0.001605
0.001604
0.001603
0.001603
0.001602
0.001602
0.001601
0.001600
0.001600
0.001599
0.001598
0.001598
0.001597
0.001597
0.001596
0.001595
0.001595
0.001594
0.001594
0.001593
0.001592
0.001592
0.001591
0.001590
0.001590
0.001589
0.001589
0.001588
0.001587
0.001587
0.001586
0.001586
0.001585
0.001584
0.001584
0.001583
0.001583
0.001582
0.001581
0.001581
0.001580
0.001580
0.001579
0.001578
0.001578
0.001577
0.001577
0.001576
0.001575
0.001575
0.001574
0.001574
0.001573
0.001572
0.001572
0.001571
0.001571
0.001570
0.001569
0.001569
0.001568
0.001568
0.001567
0.001566
0.001566
0.001565
0.001565
0.001564
0.001563
0.001563
0.001562
0.001562
0.001561
0.001560
0.001560
0.001559
0.001559
0.001558
0.001558
0.001557
0.001556
0.001556
0.001555
0.001555
0.001554
0.001553
0.001553
0.001552
0.001552
0.001551
0.001550
0.001550
0.001549
0.001549
0.001548
0.001548
0.001547
0.001546
0.001546
0.001545
0.001545
0.001544
0.001543
0.001543
0.001542
0.001542
0.001541
0.001541
0.001540
0.001539
0.001539
0.001538
0.001538
0.001537
0.001537
0.001536
0.001535
0.001535
0.001534
0.001534
0.001533
0.001533
0.001532
0.001531
0.001531
0.001530
0.001530
0.001529
0.001529
0.001528
0.001527
0.001527
0.001526
0.001526
0.001525
0.001525
0.001524
0.001523
0.001523
0.001522
0.001522
0.001521
0.001521
0.001520
0.001519
0.001519
0.001518
0.001518
0.001517
0.001517
0.001516
0.001515
0.001515
0.001514
0.001514
0.001513
0.001513
0.001512
0.001512
0.001511
0.001510
0.001510
0.001509
0.001509
0.001508
0.001508
0.001507
0.001507
0.001506
0.001505
0.001505
0.001504
0.001504
0.001503
0.001503
0.001502
0.001502
0.001501
0.001500
0.001500
0.001499
0.001499
0.001498
0.001498
0.001497
0.001497
0.001496
0.001495
0.001495
0.001494
0.001494
0.001493
0.001493
0.001492
0.001492
0.001491
0.001491
0.001490
0.001489
0.001489
0.001488
0.001488
0.001487
0.001487
0.001486
0.001486
0.001485
0.001485
0.001484
0.001483
0.001483
0.001482
0.001482
0.001481
0.001481
0.001480
0.001480
0.001479
0.001479
0.001478
0.001477
0.001477
0.001476
0.001476
0.001475
0.001475
0.001474
0.001474
0.001473
0.001473
0.001472
0.001472
0.001471
0.001470
0.001470
0.001469
0.001469
0.001468
0.001468
0.001467
0.001467
0.001466
0.001466
0.001465
0.001465
0.001464
0.001464
0.001463
0.001463
0.001462
0.001461
0.001461
0.001460
0.001460
0.001459
0.001459
0.001458
0.001458
0.001457
0.001457
0.001456
0.001456
0.001455
0.001455
0.001454
0.001454
0.001453
0.001452
0.001452
0.001451
0.001451
0.001450
0.001450
0.001449
0.001449
0.001448
0.001448
0.001447
0.001447
0.001446
0.001446
0.001445
0.001445
0.001444
0.001444
0.001443
0.001443
0.001442
0.001442
0.001441
0.001441
0.001440
0.001439
0.001439
0.001438
0.001438
0.001437
0.001437
0.001436
0.001436
0.001435
0.001435
0.001434
0.001434
0.001433
0.001433
0.001432
0.001432
0.001431
0.001431
0.001430
0.001430
0.001429
0.001429
0.001428
0.001428
0.001427
0.001427
0.001426
0.001426
0.001425
0.001425
0.001424
0.001424
0.001423
0.001423
0.001422
0.001422
0.001421
0.001421
0.001420
0.001420
0.001419
0.001419
0.001418
0.001418
0.001417
0.001417
0.001416
0.001416
0.001415
0.001415
0.001414
0.001414
0.001413
0.001413
0.001412
0.001412
0.001411
0.001411
0.001410
0.001410
0.001409
0.001409
0.001408
0.001408
0.001407
0.001407
0.001406
0.001406
0.001405
0.001405
0.001404
0.001404
0.001403
0.001403
0.001402
0.001402
0.001401
0.001401
0.001400
0.001400
0.001399
0.001399
0.001398
0.001398
0.001397
0.001397
0.001396
0.001396
0.001395
0.001395
0.001394
0.001394
0.001393
0.001393
0.001392
0.001392
0.001391
0.001391
0.001390
0.001390
0.001389
0.001389
0.001388
0.001388
0.001387
0.001387
0.001386
0.001386
0.001385
0.001385
0.001384
0.001384
0.001384
0.001383
0.001383
0.001382
0.001382
0.001381
0.001381
0.001380
0.001380
0.001379
0.001379
0.001378
0.001378
0.001377
0.001377
0.001376
0.001376
0.001375
0.001375
0.001374
0.001374
0.001373
0.001373
0.001372
0.001372
0.001372
0.001371
0.001371
0.001370
0.001370
0.001369
0.001369
0.001368
